4294967279,420
4294967278,354
4294967278,353
4294967279,419
4294967278,352
4294967279,418
4294967278,351
4294967278,350
4294967279,417
4294967278,349
4294967278,348
4294967279,416
4294967279,415
4294967278,347
4294967278,346
4294967279,414
4294967278,345
4294967278,344
4294967279,413
4294967279,412
4294967278,343
4294967279,411
4294967279,410
4294967278,342
4294967278,341
4294967279,409
4294967278,340
4294967278,339
4294967278,338
4294967279,408
4294967278,337
4294967278,336
4294967279,407
4294967278,335
4294967279,406
4294967278,334
4294967279,405
4294967278,333
4294967279,404
4294967278,332
4294967279,403
4294967278,331
4294967278,330
4294967278,329
4294967279,402
4294967278,328
4294967279,401
4294967279,400
4294967278,327
4294967278,326
4294967279,399
4294967278,325
4294967278,324
4294967278,323
4294967279,398
4294967278,322
4294967278,321
4294967279,397
4294967278,320
4294967279,396
4294967279,395
4294967278,319
4294967278,318
4294967279,394
4294967278,317
4294967278,316
4294967279,393
4294967278,315
4294967278,314
4294967279,392
4294967278,313
4294967279,391
4294967278,312
4294967279,390
4294967278,311
4294967278,310
4294967279,389
4294967278,309
4294967279,388
4294967278,308
4294967279,387
4294967279,386
4294967278,307
4294967279,385
4294967278,306
4294967279,384
4294967278,305
4294967279,319
4294967278,304
4294967279,318
4294967278,303
4294967278,302
4294967279,317
4294967278,301
4294967279,316
4294967278,300
4294967278,299
4294967279,315
4294967279,314
4294967278,298
4294967279,313
4294967279,312
4294967279,311
4294967278,297
4294967279,310
4294967279,309
4294967279,308
4294967279,307
16,4
16,3
16,2
16,1
4294967278,296
15,4
15,3
15,2
15,1
4294967278,295
4294967279,306
4294967278,294
4294967278,293
4294967279,305
4294967279,304
4294967278,292
4294967278,291
4294967279,303
4294967279,302
4294967278,290
4294967279,301
4294967279,300
4294967278,289
14,4
14,3
14,2
14,1
4294967279,299
13,4
13,3
13,2
13,1
4294967279,298
12,4
12,3
12,2
12,1
4294967279,297
11,4
11,3
11,2
11,1
4294967279,296
4294967294,473
4294967294,974
10,4
10,3
10,2
10,1
4294967279,295
9,5
9,4
9,3
9,2
9,1
4294967278,288
8,5
8,4
8,3
8,2
8,1
4294967279,294
4294967294,1359
7,5
7,4
7,3
7,2
7,1
4294967278,287
4294967294,1358
4294967294,1357
4294967294,430
6,5
6,4
6,3
6,2
6,1
4294967294,1356
4294967294,187
5,4
5,3
5,2
5,1
4294967279,293
4294967279,292
4294967279,291
4,4
4,3
4,2
4,1
4294967279,290
4294967279,283
4294967279,282
3,4
3,3
3,2
3,1
2,4
2,3
2,2
2,1
4294967294,472
4294967294,1355
4294967294,1354
4294967278,286
4294967279,275
4294967278,285
4294967293,131
4294967293,130
4294967293,129
4294967293,128
4294967293,127
4294967293,126
4294967293,125
4294967293,124
4294967293,123
4294967293,122
4294967293,121
4294967293,120
4294967293,119
4294967293,118
4294967293,117
4294967293,116
4294967293,115
4294967293,114
4294967293,113
4294967293,112
4294967293,111
4294967293,110
4294967293,109
4294967293,108
4294967293,107
4294967293,106
4294967293,105
4294967293,104
4294967293,103
4294967293,102
4294967293,101
4294967293,100
4294967293,99
4294967293,98
4294967293,97
4294967293,96
4294967293,95
4294967293,94
4294967293,93
4294967293,92
4294967293,91
4294967293,90
4294967293,89
4294967293,88
4294967293,87
4294967293,86
4294967293,85
4294967293,84
4294967293,83
4294967293,82
4294967293,81
4294967293,80
4294967293,79
4294967293,78
4294967293,77
4294967293,76
4294967293,75
4294967293,74
4294967293,73
4294967293,72
4294967293,71
4294967293,70
4294967293,69
4294967293,68
4294967293,67
4294967293,66
4294967293,65
4294967293,64
4294967293,63
4294967293,62
4294967293,61
4294967293,60
4294967293,59
4294967293,58
4294967293,57
4294967293,56
4294967293,55
4294967293,54
4294967293,53
4294967293,52
4294967293,51
4294967293,50
4294967293,49
4294967293,48
4294967293,47
4294967293,46
4294967293,45
4294967293,44
4294967293,43
4294967293,42
4294967293,41
4294967293,40
4294967293,39
4294967293,38
4294967293,37
4294967293,36
4294967293,35
4294967293,34
4294967293,33
4294967293,32
4294967293,31
4294967293,30
4294967293,29
4294967293,28
4294967293,27
4294967293,26
4294967293,25
4294967293,24
4294967293,23
4294967293,22
4294967293,21
4294967293,20
4294967293,19
4294967293,18
4294967293,17
4294967293,16
4294967293,15
4294967293,14
4294967293,13
4294967293,12
4294967293,11
4294967293,10
4294967293,9
4294967293,8
4294967293,7
4294967293,6
4294967293,5
4294967293,4
4294967293,3
4294967293,2
4243767290,0
4243767289,0
4243767288,0
4243767287,0
4243767286,0
4243767285,0
4243767284,0
4243767283,0
